calculating offset start...
offset start  146 146 147 146 146 146 146 146 146 146 average 146
waiting for heat up 100%...
starting calibration on boiler3 with maximum power 2000 watt 1%=20 watt
10000  2026     0
 9990  2026     0
 9980  2027     0
 9970  2027     0
 9960  2025     0
 9950  2025     0
 9940  2030     0
 9930  2030     0
 9920  2025     0
 9910  2025     0
 9900  2025     0
 9890  2025     0
 9880  2019  2020
 9870  2019  2020
 9860  2018  2020
 9850  2018  2020
 9840  2020  2020
 9830  2018  2020
 9820  2018  2020
 9810  2018  2020
 9800  2018  2020
 9790  2013     0
 9780  2013     0
 9770  2011     0
 9760  2011     0
 9750  2013     0
 9740  2012     0
 9730  2012     0
 9720  2011     0
 9710  2011     0
 9700  2011     0
 9690  2011     0
 9680  2014     0
 9670  2014     0
 9660  2010     0
 9650  2010     0
 9640  2005     0
 9630  2005     0
 9620  2007     0
 9610  2007     0
 9600  2007     0
 9590  2007     0
 9580  2003     0
 9570  2003     0
 9560  2003     0
 9550  2003     0
 9540  2001  2000
 9530  2001  2000
 9520  2002  2000
 9510  2002  2000
 9500  2002  2000
 9490  2002  2000
 9480  2002  2000
 9470  2000  2000
 9460  2000  2000
 9450  2000  2000
 9440  2000  2000
 9430  1999  2000
 9420  1999  2000
 9410  1999  2000
 9400  1999  2000
 9390  1999  2000
 9380  1999  2000
 9370  1998  2000
 9360  1998  2000
 9350  2001  2000
 9340  2001  2000
 9330  2003     0
 9320  2003     0
 9310  1998  2000
 9300  1998  2000
 9290  1998  2000
 9280  1998  2000
 9270  1998  2000
 9260  1998  2000
 9250  1998  2000
 9240  1996     0
 9230  1996     0
 9220  1994     0
 9210  1994     0
 9200  1991     0
 9190  1991     0
 9180  1991     0
 9170  1991     0
 9160  1991     0
 9150  1991     0
 9140  1990     0
 9130  1990     0
 9120  1992     0
 9110  1992     0
 9100  1989     0
 9090  1989     0
 9080  1992     0
 9070  1992     0
 9060  1992     0
 9050  1989     0
 9040  1989     0
 9030  1987     0
 9020  1987     0
 9010  1990     0
 9000  1990     0
 8990  1993     0
 8980  1993     0
 8970  1993     0
 8960  1993     0
 8950  1992     0
 8940  1992     0
 8930  1989     0
 8920  1989     0
 8910  1989     0
 8900  1989     0
 8890  1990     0
 8880  1990     0
 8870  1989     0
 8860  1989     0
 8850  1989     0
 8840  1990     0
 8830  1990     0
 8820  1989     0
 8810  1989     0
 8800  1989     0
 8790  1989     0
 8780  1974     0
 8770  1974     0
 8760  1974     0
 8750  1974     0
 8740  1985     0
 8730  1985     0
 8720  1986     0
 8710  1986     0
 8700  1989     0
 8690  1989     0
 8680  1985     0
 8670  1985     0
 8660  1985     0
 8650  1985     0
 8640  1985     0
 8630  1983     0
 8620  1983     0
 8610  1983     0
 8600  1983     0
 8590  1978  1980
 8580  1978  1980
 8570  1983     0
 8560  1983     0
 8550  1983     0
 8540  1987     0
 8530  1987     0
 8520  1983     0
 8510  1983     0
 8500  1984     0
 8490  1984     0
 8480  1980  1980
 8470  1980  1980
 8460  1978  1980
 8450  1978  1980
 8440  1978  1980
 8430  1978  1980
 8420  1974     0
 8410  1974     0
 8400  1974     0
 8390  1974     0
 8380  1976     0
 8370  1976     0
 8360  1976     0
 8350  1976     0
 8340  1976     0
 8330  1976     0
 8320  1973     0
 8310  1973     0
 8300  1972     0
 8290  1971     0
 8280  1971     0
 8270  1969     0
 8260  1969     0
 8250  1969     0
 8240  1969     0
 8230  1969     0
 8220  1969     0
 8210  1969     0
 8200  1969     0
 8190  1970     0
 8180  1970     0
 8170  1969     0
 8160  1969     0
 8150  1965     0
 8140  1965     0
 8130  1965     0
 8120  1965     0
 8110  1960  1960
 8100  1960  1960
 8090  1960  1960
 8080  1959  1960
 8070  1959  1960
 8060  1959  1960
 8050  1959  1960
 8040  1962  1960
 8030  1962  1960
 8020  1962  1960
 8010  1962  1960
 8000  1964     0
 7990  1964     0
 7980  1966     0
 7970  1966     0
 7960  1966     0
 7950  1966     0
 7940  1963     0
 7930  1963     0
 7920  1963     0
 7910  1966     0
 7900  1966     0
 7890  1965     0
 7880  1965     0
 7870  1964     0
 7860  1964     0
 7850  1963     0
 7840  1963     0
 7830  1963     0
 7820  1963     0
 7810  1963     0
 7800  1963     0
 7790  1961  1960
 7780  1961  1960
 7770  1957     0
 7760  1957     0
 7750  1952     0
 7740  1952     0
 7730  1950     0
 7720  1950     0
 7710  1950     0
 7700  1950     0
 7690  1949     0
 7680  1949     0
 7670  1943     0
 7660  1947     0
 7650  1947     0
 7640  1943     0
 7630  1943     0
 7620  1940  1940
 7610  1940  1940
 7600  1940  1940
 7590  1940  1940
 7580  1940  1940
 7570  1940  1940
 7560  1936     0
 7550  1936     0
 7540  1937     0
 7530  1937     0
 7520  1933     0
 7510  1933     0
 7500  1933     0
 7490  1933     0
 7480  1928     0
 7470  1928     0
 7460  1929     0
 7450  1929     0
 7440  1926     0
 7430  1926     0
 7420  1927     0
 7410  1922  1920
 7400  1922  1920
 7390  1922  1920
 7380  1922  1920
 7370  1919  1920
 7360  1919  1920
 7350  1916     0
 7340  1916     0
 7330  1915     0
 7320  1915     0
 7310  1913     0
 7300  1913     0
 7290  1913     0
 7280  1913     0
 7270  1911     0
 7260  1908     0
 7250  1908     0
 7240  1903     0
 7230  1903     0
 7220  1896     0
 7210  1896     0
 7200  1893     0
 7190  1893     0
 7180  1893     0
 7170  1893     0
 7160  1890     0
 7150  1890     0
 7140  1889     0
 7130  1889     0
 7120  1883     0
 7110  1883     0
 7100  1878  1880
 7090  1878  1880
 7080  1878  1880
 7070  1878  1880
 7060  1879  1880
 7050  1879  1880
 7040  1878  1880
 7030  1878  1880
 7020  1870     0
 7010  1865     0
 7000  1865     0
 6990  1860  1860
 6980  1860  1860
 6970  1860  1860
 6960  1860  1860
 6950  1859  1860
 6940  1859  1860
 6930  1857     0
 6920  1857     0
 6910  1852     0
 6900  1852     0
 6890  1846     0
 6880  1846     0
 6870  1846     0
 6860  1846     0
 6850  1847     0
 6840  1847     0
 6830  1845     0
 6820  1845     0
 6810  1847     0
 6800  1847     0
 6790  1847     0
 6780  1842  1840
 6770  1842  1840
 6760  1842  1840
 6750  1842  1840
 6740  1836     0
 6730  1836     0
 6720  1832     0
 6710  1832     0
 6700  1828     0
 6690  1828     0
 6680  1826     0
 6670  1826     0
 6660  1826     0
 6650  1822  1820
 6640  1822  1820
 6630  1817     0
 6620  1817     0
 6610  1813     0
 6600  1813     0
 6590  1809     0
 6580  1809     0
 6570  1809     0
 6560  1809     0
 6550  1809     0
 6540  1809     0
 6530  1805     0
 6520  1805     0
 6510  1803     0
 6500  1803     0
 6490  1793     0
 6480  1793     0
 6470  1790     0
 6460  1790     0
 6450  1790     0
 6440  1790     0
 6430  1787     0
 6420  1783     0
 6410  1783     0
 6400  1778  1780
 6390  1778  1780
 6380  1772     0
 6370  1772     0
 6360  1765     0
 6350  1765     0
 6340  1765     0
 6330  1765     0
 6320  1762  1760
 6310  1762  1760
 6300  1757     0
 6290  1757     0
 6280  1752     0
 6270  1752     0
 6260  1751     0
 6250  1751     0
 6240  1751     0
 6230  1751     0
 6220  1746     0
 6210  1746     0
 6200  1742  1740
 6190  1742  1740
 6180  1732     0
 6170  1730     0
 6160  1730     0
 6150  1730     0
 6140  1730     0
 6130  1725     0
 6120  1725     0
 6110  1721  1720
 6100  1721  1720
 6090  1718  1720
 6080  1718  1720
 6070  1709     0
 6060  1709     0
 6050  1709     0
 6040  1709     0
 6030  1709     0
 6020  1709     0
 6010  1705     0
 6000  1700  1700
 5990  1700  1700
 5980  1687     0
 5970  1687     0
 5960  1683     0
 5950  1683     0
 5940  1683     0
 5930  1683     0
 5920  1681  1680
 5910  1681  1680
 5900  1679  1680
 5890  1679  1680
 5880  1672     0
 5870  1672     0
 5860  1660  1660
 5850  1660  1660
 5840  1653     0
 5830  1653     0
 5820  1653     0
 5810  1653     0
 5800  1646     0
 5790  1646     0
 5780  1638  1640
 5770  1630     0
 5760  1630     0
 5750  1626     0
 5740  1626     0
 5730  1626     0
 5720  1626     0
 5710  1619  1620
 5700  1619  1620
 5690  1613     0
 5680  1613     0
 5670  1609     0
 5660  1609     0
 5650  1602  1600
 5640  1602  1600
 5630  1594     0
 5620  1594     0
 5610  1594     0
 5600  1594     0
 5590  1587     0
 5580  1587     0
 5570  1580  1580
 5560  1567     0
 5550  1567     0
 5540  1563     0
 5530  1563     0
 5520  1563     0
 5510  1563     0
 5500  1561  1560
 5490  1561  1560
 5480  1554     0
 5470  1554     0
 5460  1546     0
 5450  1546     0
 5440  1531     0
 5430  1531     0
 5420  1525     0
 5410  1525     0
 5400  1525     0
 5390  1521  1520
 5380  1521  1520
 5370  1517     0
 5360  1517     0
 5350  1499  1500
 5340  1499  1500
 5330  1493     0
 5320  1493     0
 5310  1493     0
 5300  1493     0
 5290  1484     0
 5280  1484     0
 5270  1476     0
 5260  1476     0
 5250  1471     0
 5240  1471     0
 5230  1460  1460
 5220  1460  1460
 5210  1453     0
 5200  1453     0
 5190  1453     0
 5180  1453     0
 5170  1444     0
 5160  1436     0
 5150  1436     0
 5140  1421  1420
 5130  1421  1420
 5120  1415     0
 5110  1415     0
 5100  1415     0
 5090  1415     0
 5080  1408     0
 5070  1408     0
 5060  1401  1400
 5050  1401  1400
 5040  1392     0
 5030  1392     0
 5020  1378  1380
 5010  1378  1380
 5000  1374     0
 4990  1374     0
 4980  1374     0
 4970  1365     0
 4960  1365     0
 4950  1360  1360
 4940  1360  1360
 4930  1348     0
 4920  1348     0
 4910  1342  1340
 4900  1342  1340
 4890  1342  1340
 4880  1342  1340
 4870  1336     0
 4860  1336     0
 4850  1324     0
 4840  1324     0
 4830  1317     0
 4820  1317     0
 4810  1308     0
 4800  1308     0
 4790  1298  1300
 4780  1298  1300
 4770  1298  1300
 4760  1291     0
 4750  1291     0
 4740  1275     0
 4730  1275     0
 4720  1268     0
 4710  1268     0
 4700  1259  1260
 4690  1259  1260
 4680  1259  1260
 4670  1259  1260
 4660  1250     0
 4650  1250     0
 4640  1242  1240
 4630  1242  1240
 4620  1234     0
 4610  1234     0
 4600  1220  1220
 4590  1220  1220
 4580  1215     0
 4570  1215     0
 4560  1215     0
 4550  1207     0
 4540  1207     0
 4530  1197     0
 4520  1197     0
 4510  1182  1180
 4500  1182  1180
 4490  1172     0
 4480  1172     0
 4470  1172     0
 4460  1172     0
 4450  1162  1160
 4440  1162  1160
 4430  1154     0
 4420  1154     0
 4410  1135     0
 4400  1135     0
 4390  1130     0
 4380  1130     0
 4370  1121  1120
 4360  1121  1120
 4350  1121  1120
 4340  1112     0
 4330  1112     0
 4320  1104     0
 4310  1104     0
 4300  1085     0
 4290  1085     0
 4280  1077     0
 4270  1077     0
 4260  1077     0
 4250  1077     0
 4240  1068     0
 4230  1068     0
 4220  1059  1060
 4210  1059  1060
 4200  1043     0
 4190  1043     0
 4180  1032     0
 4170  1025     0
 4160  1025     0
 4150  1025     0
 4140  1025     0
 4130  1016     0
 4120  1016     0
 4110   999  1000
 4100   999  1000
 4090   983     0
 4080   983     0
 4070   976     0
 4060   976     0
 4050   976     0
 4040   976     0
 4030   965     0
 4020   965     0
 4010   959   960
 4000   959   960
 3990   937     0
 3980   937     0
 3970   932     0
 3960   932     0
 3950   921   920
 3940   921   920
 3930   921   920
 3920   908     0
 3910   908     0
 3900   900   900
 3890   900   900
 3880   877     0
 3870   877     0
 3860   869     0
 3850   869     0
 3840   869     0
 3830   869     0
 3820   859   860
 3810   859   860
 3800   846     0
 3790   846     0
 3780   831     0
 3770   831     0
 3760   817     0
 3750   809     0
 3740   809     0
 3730   809     0
 3720   809     0
 3710   798   800
 3700   798   800
 3690   785     0
 3680   785     0
 3670   766     0
 3660   766     0
 3650   749     0
 3640   749     0
 3630   749     0
 3620   749     0
 3610   735     0
 3600   735     0
 3590   726     0
 3580   726     0
 3570   708     0
 3560   708     0
 3550   699   700
 3540   699   700
 3530   688     0
 3520   688     0
 3510   688     0
 3500   688     0
 3490   676     0
 3480   665     0
 3470   665     0
 3460   644     0
 3450   644     0
 3440   632     0
 3430   632     0
 3420   632     0
 3410   632     0
 3400   619   620
 3390   619   620
 3380   609     0
 3370   609     0
 3360   589     0
 3350   589     0
 3340   575     0
 3330   575     0
 3320   566     0
 3310   566     0
 3300   566     0
 3290   566     0
 3280   556     0
 3270   542   540
 3260   542   540
 3250   521   520
 3240   521   520
 3230   510     0
 3220   510     0
 3210   510     0
 3200   510     0
 3190   499   500
 3180   499   500
 3170   490     0
 3160   490     0
 3150   461   460
 3140   461   460
 3130   454     0
 3120   454     0
 3110   438   440
 3100   438   440
 3090   438   440
 3080   438   440
 3070   431     0
 3060   431     0
 3050   422   420
 3040   397     0
 3030   397     0
 3020   388     0
 3010   388     0
 3000   388     0
 2990   388     0
 2980   378   380
 2970   378   380
 2960   365     0
 2950   365     0
 2940   344     0
 2930   344     0
 2920   333     0
 2910   333     0
 2900   325     0
 2890   325     0
 2880   325     0
 2870   325     0
 2860   313     0
 2850   313     0
 2840   302   300
 2830   302   300
 2820   285     0
 2810   274     0
 2800   274     0
 2790   274     0
 2780   274     0
 2770   266     0
 2760   266     0
 2750   258   260
 2740   258   260
 2730   238   240
 2720   238   240
 2710   232     0
 2700   232     0
 2690   221   220
 2680   221   220
 2670   221   220
 2660   221   220
 2650   214     0
 2640   214     0
 2630   205     0
 2620   205     0
 2610   187     0
 2600   187     0
 2590   180   180
 2580   180   180
 2570   180   180
 2560   170     0
 2550   170     0
 2540   162   160
 2530   162   160
 2520   144     0
 2510   144     0
 2500   138   140
 2490   138   140
 2480   132     0
 2470   132     0
 2460   132     0
 2450   123     0
 2440   123     0
 2430   116     0
 2420   116     0
 2410   104     0
 2400   104     0
 2390    97     0
 2380    97     0
 2370    97     0
 2360    97     0
 2350    92     0
 2340    92     0
 2330    85     0
 2320    85     0
 2310    74     0
 2300    74     0
 2290    71     0
 2280    71     0
 2270    65     0
 2260    65     0
 2250    65     0
 2240    61    60
 2230    61    60
 2220    56     0
 2210    56     0
 2200    49     0
 2190    49     0
 2180    45     0
 2170    45     0
 2160    45     0
 2150    45     0
 2140    42    40
 2130    42    40
 2120    37     0
 2110    37     0
 2100    32     0
 2090    32     0
 2080    30     0
 2070    30     0
 2060    26     0
 2050    26     0
 2040    26     0
 2030    23     0
 2020    23     0
 2010    21    20
 2000    21    20
 1990    14     0
 1980    14     0
 1970     9     0
 1960     9     0
 1950     9     0
 1940     9     0
 1930     4     0
 1920     4     0
 1910     4     0
 1900     4     0
 1890     1     0
 1880     0     0
 1870     0     0
 1860     1     0
 1850     1     0
 1840     1     0
 1830     1     0
 1820     1     0
 1810     1     0
 1800     1     0
 1790     1     0
 1780     1     0
 1770     1     0
 1760     1     0
 1750     1     0
 1740     1     0
 1730     1     0
 1720     2     0
 1710     2     0
 1700     1     0
 1690     1     0
 1680     1     0
 1670     1     0
 1660     2     0
 1650     1     0
 1640     1     0
 1630     1     0
 1620     1     0
 1610     0     0
 1600     0     0
 1590     1     0
 1580     1     0
 1570     1     0
 1560     1     0
 1550     0     0
 1540     0     0
 1530     0     0
 1520     0     0
 1510     0     0
 1500     0     0
 1490     1     0
 1480     1     0
 1470     1     0
 1460     1     0
 1450     0     0
 1440     0     0
 1430     1     0
 1420     1     0
 1410     1     0
 1400     1     0
 1390     1     0
 1380     1     0
 1370     1     0
 1360     0     0
 1350     0     0
 1340     1     0
 1330     1     0
 1320     1     0
 1310     0     0
 1300     0     0
 1290     0     0
 1280     0     0
 1270     1     0
 1260     1     0
 1250     1     0
 1240     1     0
 1230     1     0
 1220     1     0
 1210     1     0
 1200     1     0
 1190     0     0
 1180     0     0
 1170     0     0
 1160     0     0
 1150     1     0
 1140     1     0
 1130     1     0
 1120     1     0
 1110     1     0
 1100     0     0
 1090     0     0
 1080     1     0
 1070     1     0
 1060     1     0
 1050     1     0
 1040     0     0
 1030     0     0
 1020     1     0
 1010     1     0
 1000     1     0
  990     1     0
  980     1     0
  970     1     0
  960     1     0
  950     1     0
  940     0     0
  930     0     0
  920     2     0
  910     2     0
  900     2     0
  890     2     0
  880     1     0
  870     1     0
  860     1     0
  850     1     0
  840     0     0
  830     1     0
  820     1     0
  810     2     0
  800     2     0
  790     2     0
  780     2     0
  770     4     0
  760     4     0
  750     0     0
  740     0     0
  730     1     0
  720     1     0
  710     2     0
  700     2     0
  690     2     0
  680     2     0
  670     0     0
  660     1     0
  650     1     0
  640     2     0
  630     2     0
  620     0     0
  610     0     0
  600     0     0
  590     0     0
  580     0     0
  570     0     0
  560     1     0
  550     1     0
  540     1     0
  530     1     0
  520     0     0
  510     0     0
  500     0     0
  490     0     0
  480     0     0
  470     0     0
  460     1     0
  450     1     0
  440     0     0
  430     0     0
  420     0     0
  410     0     0
  400     0     0
  390     1     0
  380     1     0
  370     1     0
  360     1     0
  350     2     0
  340     2     0
  330     1     0
  320     1     0
  310     1     0
  300     1     0
  290     2     0
  280     2     0
  270     2     0
  260     2     0
  250     1     0
  240     1     0
  230     1     0
  220     1     0
  210     1     0
  200     1     0
  190     1     0
  180     0     0
  170     0     0
  160     0     0
  150     0     0
  140     0     0
  130     0     0
  120     2     0
  110     2     0
  100     1     0
   90     1     0
   80     1     0
   70     1     0
   60     1     0
   50     1     0
   40     1     0
   30     1     0
   20     1     0
   10     0     0
calculating offset end...
offset end  146 147 147 146 146 147 146 147 147 146 average 146
