calculating offset start...
offset start  147 148 148 147 147 147 148 148 148 147 average 147
waiting for heat up 100%...
starting calibration on boiler1 with maximum power 2000 watt 1%=20 watt
10000  2004     0
 9990  2004     0
 9980  1997     0
 9970  1997     0
 9960  1993     0
 9950  1993     0
 9940  1993     0
 9930  1993     0
 9920  1988     0
 9910  1988     0
 9900  1976     0
 9890  1976     0
 9880  1973     0
 9870  1968     0
 9860  1968     0
 9850  1968     0
 9840  1968     0
 9830  1965     0
 9820  1965     0
 9810  1961  1960
 9800  1961  1960
 9790  1960  1960
 9780  1960  1960
 9770  1956     0
 9760  1956     0
 9750  1955     0
 9740  1955     0
 9730  1955     0
 9720  1955     0
 9710  1953     0
 9700  1953     0
 9690  1949     0
 9680  1948     0
 9670  1948     0
 9660  1945     0
 9650  1945     0
 9640  1945     0
 9630  1945     0
 9620  1943     0
 9610  1943     0
 9600  1944     0
 9590  1944     0
 9580  1945     0
 9570  1945     0
 9560  1949     0
 9550  1949     0
 9540  1950     0
 9530  1950     0
 9520  1950     0
 9510  1950     0
 9500  1950     0
 9490  1950     0
 9480  1951     0
 9470  1951     0
 9460  1949     0
 9450  1949     0
 9440  1948     0
 9430  1948     0
 9420  1948     0
 9410  1951     0
 9400  1951     0
 9390  1950     0
 9380  1950     0
 9370  1948     0
 9360  1948     0
 9350  1947     0
 9340  1947     0
 9330  1950     0
 9320  1950     0
 9310  1950     0
 9300  1950     0
 9290  1950     0
 9280  1950     0
 9270  1949     0
 9260  1949     0
 9250  1947     0
 9240  1947     0
 9230  1947     0
 9220  1947     0
 9210  1947     0
 9200  1947     0
 9190  1947     0
 9180  1950     0
 9170  1950     0
 9160  1949     0
 9150  1949     0
 9140  1949     0
 9130  1949     0
 9120  1949     0
 9110  1949     0
 9100  1949     0
 9090  1949     0
 9080  1950     0
 9070  1950     0
 9060  1946     0
 9050  1946     0
 9040  1948     0
 9030  1948     0
 9020  1948     0
 9010  1948     0
 9000  1948     0
 8990  1951     0
 8980  1951     0
 8970  1955     0
 8960  1955     0
 8950  1956     0
 8940  1956     0
 8930  1955     0
 8920  1955     0
 8910  1955     0
 8900  1955     0
 8890  1956     0
 8880  1956     0
 8870  1957     0
 8860  1957     0
 8850  1959  1960
 8840  1959  1960
 8830  1960  1960
 8820  1960  1960
 8810  1963     0
 8800  1963     0
 8790  1963     0
 8780  1963     0
 8770  1963     0
 8760  1968     0
 8750  1968     0
 8740  1967     0
 8730  1967     0
 8720  1967     0
 8710  1967     0
 8700  1967     0
 8690  1967     0
 8680  1964     0
 8670  1964     0
 8660  1960  1960
 8650  1967     0
 8640  1967     0
 8630  1969     0
 8620  1969     0
 8610  1966     0
 8600  1966     0
 8590  1966     0
 8580  1966     0
 8570  1968     0
 8560  1968     0
 8550  1967     0
 8540  1967     0
 8530  1964     0
 8520  1964     0
 8510  1967     0
 8500  1967     0
 8490  1967     0
 8480  1967     0
 8470  1963     0
 8460  1955     0
 8450  1955     0
 8440  1934     0
 8430  1934     0
 8420  1931     0
 8410  1931     0
 8400  1935     0
 8390  1935     0
 8380  1935     0
 8370  1935     0
 8360  1933     0
 8350  1933     0
 8340  1939  1940
 8330  1939  1940
 8320  1936     0
 8310  1936     0
 8300  1938  1940
 8290  1938  1940
 8280  1938  1940
 8270  1938  1940
 8260  1937     0
 8250  1937     0
 8240  1934     0
 8230  1930     0
 8220  1930     0
 8210  1930     0
 8200  1930     0
 8190  1930     0
 8180  1930     0
 8170  1930     0
 8160  1930     0
 8150  1929     0
 8140  1929     0
 8130  1921  1920
 8120  1921  1920
 8110  1920  1920
 8100  1920  1920
 8090  1922  1920
 8080  1922  1920
 8070  1922  1920
 8060  1922  1920
 8050  1918  1920
 8040  1924     0
 8030  1924     0
 8020  1923     0
 8010  1923     0
 8000  1921  1920
 7990  1921  1920
 7980  1919  1920
 7970  1919  1920
 7960  1919  1920
 7950  1919  1920
 7940  1919  1920
 7930  1919  1920
 7920  1917     0
 7910  1917     0
 7900  1914     0
 7890  1914     0
 7880  1913     0
 7870  1913     0
 7860  1913     0
 7850  1913     0
 7840  1915     0
 7830  1915     0
 7820  1909     0
 7810  1909     0
 7800  1909     0
 7790  1909     0
 7780  1909     0
 7770  1910     0
 7760  1910     0
 7750  1910     0
 7740  1910     0
 7730  1909     0
 7720  1909     0
 7710  1903     0
 7700  1903     0
 7690  1901  1900
 7680  1901  1900
 7670  1900  1900
 7660  1900  1900
 7650  1900  1900
 7640  1900  1900
 7630  1893     0
 7620  1893     0
 7610  1893     0
 7600  1893     0
 7590  1892     0
 7580  1892     0
 7570  1891     0
 7560  1889     0
 7550  1889     0
 7540  1889     0
 7530  1889     0
 7520  1888     0
 7510  1888     0
 7500  1886     0
 7490  1886     0
 7480  1884     0
 7470  1884     0
 7460  1885     0
 7450  1885     0
 7440  1885     0
 7430  1882  1880
 7420  1882  1880
 7410  1877     0
 7400  1877     0
 7390  1874     0
 7380  1874     0
 7370  1874     0
 7360  1874     0
 7350  1874     0
 7340  1874     0
 7330  1874     0
 7320  1874     0
 7310  1869     0
 7300  1869     0
 7290  1867     0
 7280  1867     0
 7270  1867     0
 7260  1867     0
 7250  1864     0
 7240  1864     0
 7230  1864     0
 7220  1864     0
 7210  1865     0
 7200  1865     0
 7190  1866     0
 7180  1866     0
 7170  1866     0
 7160  1861  1860
 7150  1861  1860
 7140  1858  1860
 7130  1858  1860
 7120  1858  1860
 7110  1858  1860
 7100  1857     0
 7090  1857     0
 7080  1849     0
 7070  1849     0
 7060  1850     0
 7050  1850     0
 7040  1852     0
 7030  1852     0
 7020  1852     0
 7010  1852     0
 7000  1849     0
 6990  1849     0
 6980  1844     0
 6970  1844     0
 6960  1839  1840
 6950  1836     0
 6940  1836     0
 6930  1836     0
 6920  1836     0
 6910  1836     0
 6900  1836     0
 6890  1834     0
 6880  1834     0
 6870  1828     0
 6860  1828     0
 6850  1830     0
 6840  1830     0
 6830  1827     0
 6820  1827     0
 6810  1827     0
 6800  1827     0
 6790  1824     0
 6780  1820  1820
 6770  1820  1820
 6760  1818  1820
 6750  1818  1820
 6740  1815     0
 6730  1815     0
 6720  1813     0
 6710  1813     0
 6700  1813     0
 6690  1813     0
 6680  1807     0
 6670  1800  1800
 6660  1800  1800
 6650  1799  1800
 6640  1799  1800
 6630  1798  1800
 6620  1798  1800
 6610  1798  1800
 6600  1798  1800
 6590  1794     0
 6580  1794     0
 6570  1787     0
 6560  1787     0
 6550  1783     0
 6540  1783     0
 6530  1786     0
 6520  1786     0
 6510  1782  1780
 6500  1782  1780
 6490  1782  1780
 6480  1782  1780
 6470  1779  1780
 6460  1779  1780
 6450  1770     0
 6440  1770     0
 6430  1765     0
 6420  1764     0
 6410  1764     0
 6400  1764     0
 6390  1764     0
 6380  1759  1760
 6370  1759  1760
 6360  1751     0
 6350  1751     0
 6340  1755     0
 6330  1755     0
 6320  1754     0
 6310  1754     0
 6300  1744     0
 6290  1744     0
 6280  1744     0
 6270  1744     0
 6260  1738  1740
 6250  1738  1740
 6240  1738  1740
 6230  1734     0
 6220  1734     0
 6210  1735     0
 6200  1735     0
 6190  1735     0
 6180  1735     0
 6170  1729     0
 6160  1729     0
 6150  1725     0
 6140  1725     0
 6130  1722  1720
 6120  1722  1720
 6110  1717     0
 6100  1717     0
 6090  1713     0
 6080  1713     0
 6070  1713     0
 6060  1713     0
 6050  1713     0
 6040  1713     0
 6030  1705     0
 6020  1705     0
 6010  1704     0
 6000  1701  1700
 5990  1701  1700
 5980  1701  1700
 5970  1701  1700
 5960  1696     0
 5950  1696     0
 5940  1686     0
 5930  1686     0
 5920  1687     0
 5910  1687     0
 5900  1685     0
 5890  1685     0
 5880  1682  1680
 5870  1682  1680
 5860  1682  1680
 5850  1682  1680
 5840  1675     0
 5830  1675     0
 5820  1670     0
 5810  1670     0
 5800  1667     0
 5790  1667     0
 5780  1658  1660
 5770  1658  1660
 5760  1658  1660
 5750  1659  1660
 5740  1659  1660
 5730  1654     0
 5720  1654     0
 5710  1649     0
 5700  1649     0
 5690  1643     0
 5680  1643     0
 5670  1644     0
 5660  1644     0
 5650  1644     0
 5640  1644     0
 5630  1643     0
 5620  1643     0
 5610  1638  1640
 5600  1638  1640
 5590  1632     0
 5580  1632     0
 5570  1630     0
 5560  1630     0
 5550  1630     0
 5540  1627     0
 5530  1627     0
 5520  1618  1620
 5510  1618  1620
 5500  1610     0
 5490  1610     0
 5480  1609     0
 5470  1609     0
 5460  1606     0
 5450  1606     0
 5440  1606     0
 5430  1606     0
 5420  1600  1600
 5410  1600  1600
 5400  1598  1600
 5390  1598  1600
 5380  1595     0
 5370  1595     0
 5360  1591     0
 5350  1591     0
 5340  1591     0
 5330  1589     0
 5320  1589     0
 5310  1574     0
 5300  1574     0
 5290  1568     0
 5280  1568     0
 5270  1562  1560
 5260  1562  1560
 5250  1558  1560
 5240  1558  1560
 5230  1558  1560
 5220  1558  1560
 5210  1552     0
 5200  1552     0
 5190  1542  1540
 5180  1542  1540
 5170  1533     0
 5160  1533     0
 5150  1529     0
 5140  1529     0
 5130  1529     0
 5120  1523     0
 5110  1523     0
 5100  1513     0
 5090  1513     0
 5080  1507     0
 5070  1507     0
 5060  1499  1500
 5050  1499  1500
 5040  1495     0
 5030  1495     0
 5020  1495     0
 5010  1489     0
 5000  1489     0
 4990  1474     0
 4980  1474     0
 4970  1465     0
 4960  1465     0
 4950  1461  1460
 4940  1461  1460
 4930  1461  1460
 4920  1461  1460
 4910  1453     0
 4900  1453     0
 4890  1442  1440
 4880  1442  1440
 4870  1435     0
 4860  1435     0
 4850  1428     0
 4840  1428     0
 4830  1424     0
 4820  1424     0
 4810  1424     0
 4800  1416     0
 4790  1416     0
 4780  1408     0
 4770  1396     0
 4760  1396     0
 4750  1396     0
 4740  1388     0
 4730  1388     0
 4720  1369     0
 4710  1369     0
 4700  1362  1360
 4690  1362  1360
 4680  1354     0
 4670  1354     0
 4660  1349     0
 4650  1349     0
 4640  1349     0
 4630  1349     0
 4620  1341  1340
 4610  1341  1340
 4600  1332     0
 4590  1332     0
 4580  1325     0
 4570  1325     0
 4560  1318  1320
 4550  1318  1320
 4540  1318  1320
 4530  1303     0
 4520  1303     0
 4510  1297     0
 4500  1297     0
 4490  1290     0
 4480  1290     0
 4470  1284     0
 4460  1284     0
 4450  1276     0
 4440  1276     0
 4430  1276     0
 4420  1276     0
 4410  1264     0
 4400  1261  1260
 4390  1261  1260
 4380  1256     0
 4370  1256     0
 4360  1252     0
 4350  1252     0
 4340  1252     0
 4330  1252     0
 4320  1247     0
 4310  1247     0
 4300  1233     0
 4290  1233     0
 4280  1229     0
 4270  1229     0
 4260  1229     0
 4250  1229     0
 4240  1222  1220
 4230  1222  1220
 4220  1222  1220
 4210  1222  1220
 4200  1207     0
 4190  1207     0
 4180  1198  1200
 4170  1189     0
 4160  1189     0
 4150  1181  1180
 4140  1181  1180
 4130  1181  1180
 4120  1181  1180
 4110  1168     0
 4100  1168     0
 4090  1152     0
 4080  1152     0
 4070  1147     0
 4060  1147     0
 4050  1142  1140
 4040  1142  1140
 4030  1134     0
 4020  1134     0
 4010  1134     0
 4000  1134     0
 3990  1114     0
 3980  1114     0
 3970  1109     0
 3960  1109     0
 3950  1099  1100
 3940  1099  1100
 3930  1089     0
 3920  1089     0
 3910  1089     0
 3900  1082  1080
 3890  1082  1080
 3880  1062  1060
 3870  1062  1060
 3860  1055     0
 3850  1055     0
 3840  1045     0
 3830  1045     0
 3820  1040  1040
 3810  1040  1040
 3800  1040  1040
 3790  1018  1020
 3780  1018  1020
 3770  1011     0
 3760  1011     0
 3750  1001  1000
 3740  1001  1000
 3730   993     0
 3720   993     0
 3710   993     0
 3700   993     0
 3690   983     0
 3680   983     0
 3670   968     0
 3660   968     0
 3650   959   960
 3640   959   960
 3630   949     0
 3620   949     0
 3610   940   940
 3600   940   940
 3590   940   940
 3580   940   940
 3570   918   920
 3560   912     0
 3550   912     0
 3540   901   900
 3530   901   900
 3520   892     0
 3510   892     0
 3500   892     0
 3490   892     0
 3480   884     0
 3470   884     0
 3460   857     0
 3450   857     0
 3440   846     0
 3430   846     0
 3420   838   840
 3410   838   840
 3400   832     0
 3390   832     0
 3380   832     0
 3370   832     0
 3360   812     0
 3350   812     0
 3340   799   800
 3330   799   800
 3320   790     0
 3310   780   780
 3300   780   780
 3290   780   780
 3280   780   780
 3270   768     0
 3260   768     0
 3250   747     0
 3240   747     0
 3230   737     0
 3220   737     0
 3210   723     0
 3200   723     0
 3190   710     0
 3180   710     0
 3170   710     0
 3160   710     0
 3150   691     0
 3140   679   680
 3130   679   680
 3120   669     0
 3110   669     0
 3100   656     0
 3090   656     0
 3080   656     0
 3070   656     0
 3060   647     0
 3050   647     0
 3040   624     0
 3030   624     0
 3020   611     0
 3010   611     0
 3000   604     0
 2990   604     0
 2980   590     0
 2970   590     0
 2960   590     0
 2950   590     0
 2940   568     0
 2930   568     0
 2920   555     0
 2910   544     0
 2900   544     0
 2890   535     0
 2880   535     0
 2870   535     0
 2860   535     0
 2850   520   520
 2840   520   520
 2830   498   500
 2820   498   500
 2810   485     0
 2800   485     0
 2790   476     0
 2780   476     0
 2770   476     0
 2760   476     0
 2750   464     0
 2740   464     0
 2730   443     0
 2720   443     0
 2710   433     0
 2700   418   420
 2690   418   420
 2680   409     0
 2670   409     0
 2660   409     0
 2650   409     0
 2640   397     0
 2630   397     0
 2620   377     0
 2610   377     0
 2600   362   360
 2590   362   360
 2580   353     0
 2570   353     0
 2560   353     0
 2550   353     0
 2540   341   340
 2530   341   340
 2520   319   320
 2510   309     0
 2500   309     0
 2490   297     0
 2480   297     0
 2470   288     0
 2460   288     0
 2450   288     0
 2440   288     0
 2430   282   280
 2420   282   280
 2410   259   260
 2400   259   260
 2390   250     0
 2380   250     0
 2370   240   240
 2360   240   240
 2350   240   240
 2340   240   240
 2330   233     0
 2320   233     0
 2310   210     0
 2300   210     0
 2290   203     0
 2280   203     0
 2270   197     0
 2260   184     0
 2250   184     0
 2240   184     0
 2230   184     0
 2220   177     0
 2210   177     0
 2200   159   160
 2190   159   160
 2180   154     0
 2170   154     0
 2160   143     0
 2150   143     0
 2140   143     0
 2130   143     0
 2120   138   140
 2110   138   140
 2100   124     0
 2090   124     0
 2080   118   120
 2070   118   120
 2060   111     0
 2050   111     0
 2040   102   100
 2030   102   100
 2020   102   100
 2010    94     0
 2000    94     0
 1990    52     0
 1980    52     0
 1970    39    40
 1960    39    40
 1950     4     0
 1940     4     0
 1930     4     0
 1920     4     0
 1910     1     0
 1900     1     0
 1890     0     0
 1880     0     0
 1870     2     0
 1860     2     0
 1850     1     0
 1840     1     0
 1830     1     0
 1820     1     0
 1810     1     0
 1800     1     0
 1790     1     0
 1780     1     0
 1770     1     0
 1760     1     0
 1750     1     0
 1740     1     0
 1730     1     0
 1720     1     0
 1710     1     0
 1700     0     0
 1690     0     0
 1680     2     0
 1670     2     0
 1660     1     0
 1650     1     0
 1640     1     0
 1630     1     0
 1620     1     0
 1610     1     0
 1600     1     0
 1590     1     0
 1580     2     0
 1570     1     0
 1560     1     0
 1550     1     0
 1540     1     0
 1530     2     0
 1520     2     0
 1510     2     0
 1500     2     0
 1490     2     0
 1480     2     0
 1470     1     0
 1460     1     0
 1450     2     0
 1440     2     0
 1430     2     0
 1420     2     0
 1410     2     0
 1400     2     0
 1390     2     0
 1380     1     0
 1370     1     0
 1360     3     0
 1350     3     0
 1340     2     0
 1330     2     0
 1320     2     0
 1310     2     0
 1300     2     0
 1290     2     0
 1280     2     0
 1270     2     0
 1260     3     0
 1250     3     0
 1240     2     0
 1230     2     0
 1220     2     0
 1210     2     0
 1200     2     0
 1190     2     0
 1180     2     0
 1170     2     0
 1160     2     0
 1150     1     0
 1140     1     0
 1130     0     0
 1120     0     0
 1110     1     0
 1100     1     0
 1090     1     0
 1080     1     0
 1070     1     0
 1060     1     0
 1050     0     0
 1040     0     0
 1030     1     0
 1020     1     0
 1010     1     0
 1000     1     0
  990     1     0
  980     1     0
  970     1     0
  960     1     0
  950     1     0
  940     2     0
  930     2     0
  920     1     0
  910     1     0
  900     1     0
  890     1     0
  880     1     0
  870     1     0
  860     1     0
  850     2     0
  840     2     0
  830     3     0
  820     3     0
  810     4     0
  800     4     0
  790     2     0
  780     2     0
  770     2     0
  760     2     0
  750     2     0
  740     2     0
  730     2     0
  720     2     0
  710     1     0
  700     1     0
  690     1     0
  680     1     0
  670     1     0
  660     1     0
  650     1     0
  640     1     0
  630     1     0
  620     1     0
  610     1     0
  600     2     0
  590     2     0
  580     2     0
  570     2     0
  560     2     0
  550     2     0
  540     1     0
  530     1     0
  520     1     0
  510     1     0
  500     2     0
  490     2     0
  480     2     0
  470     2     0
  460     2     0
  450     2     0
  440     1     0
  430     2     0
  420     2     0
  410     2     0
  400     2     0
  390     1     0
  380     1     0
  370     1     0
  360     1     0
  350     1     0
  340     1     0
  330     1     0
  320     1     0
  310     2     0
  300     2     0
  290     1     0
  280     1     0
  270     1     0
  260     1     0
  250     1     0
  240     1     0
  230     1     0
  220     1     0
  210     1     0
  200     1     0
  190     1     0
  180     1     0
  170     1     0
  160     2     0
  150     2     0
  140     2     0
  130     2     0
  120     3     0
  110     3     0
  100     1     0
   90     1     0
   80     3     0
   70     3     0
   60     2     0
   50     2     0
   40     2     0
   30     2     0
   20     2     0
   10     2     0
calculating offset end...
offset end  149 149 149 149 149 148 148 148 148 148 average 148
