calculating offset start...
offset start  147 147 146 146 147 146 146 146 146 146 average 146
waiting for heat up 100%...
starting calibration on boiler2 with maximum power 2000 watt 1%=20 watt
10000  1918  1920
 9990  1918  1920
 9980  1918  1920
 9970  1918  1920
 9960  1913     0
 9950  1913     0
 9940  1901  1900
 9930  1901  1900
 9920  1896     0
 9910  1896     0
 9900  1888     0
 9890  1888     0
 9880  1885     0
 9870  1885     0
 9860  1885     0
 9850  1888     0
 9840  1888     0
 9830  1882  1880
 9820  1882  1880
 9810  1882  1880
 9800  1882  1880
 9790  1882  1880
 9780  1882  1880
 9770  1882  1880
 9760  1882  1880
 9750  1879  1880
 9740  1879  1880
 9730  1880  1880
 9720  1880  1880
 9710  1890     0
 9700  1890     0
 9690  1892     0
 9680  1890     0
 9670  1890     0
 9660  1890     0
 9650  1890     0
 9640  1887     0
 9630  1887     0
 9620  1890     0
 9610  1890     0
 9600  1885     0
 9590  1885     0
 9580  1888     0
 9570  1888     0
 9560  1888     0
 9550  1888     0
 9540  1887     0
 9530  1887     0
 9520  1883     0
 9510  1883     0
 9500  1879  1880
 9490  1879  1880
 9480  1880  1880
 9470  1880  1880
 9460  1879  1880
 9450  1879  1880
 9440  1879  1880
 9430  1875     0
 9420  1875     0
 9410  1873     0
 9400  1873     0
 9390  1878  1880
 9380  1878  1880
 9370  1878  1880
 9360  1878  1880
 9350  1878  1880
 9340  1878  1880
 9330  1880  1880
 9320  1880  1880
 9310  1874     0
 9300  1874     0
 9290  1879  1880
 9280  1879  1880
 9270  1878  1880
 9260  1878  1880
 9250  1871     0
 9240  1871     0
 9230  1871     0
 9220  1871     0
 9210  1871     0
 9200  1871     0
 9190  1871     0
 9180  1872     0
 9170  1872     0
 9160  1872     0
 9150  1872     0
 9140  1872     0
 9130  1872     0
 9120  1866     0
 9110  1866     0
 9100  1866     0
 9090  1863     0
 9080  1863     0
 9070  1864     0
 9060  1864     0
 9050  1861  1860
 9040  1861  1860
 9030  1861  1860
 9020  1861  1860
 9010  1865     0
 9000  1865     0
 8990  1865     0
 8980  1865     0
 8970  1857     0
 8960  1857     0
 8950  1855     0
 8940  1855     0
 8930  1855     0
 8920  1855     0
 8910  1856     0
 8900  1856     0
 8890  1854     0
 8880  1854     0
 8870  1854     0
 8860  1851     0
 8850  1851     0
 8840  1853     0
 8830  1853     0
 8820  1853     0
 8810  1853     0
 8800  1851     0
 8790  1851     0
 8780  1850     0
 8770  1850     0
 8760  1845     0
 8750  1845     0
 8740  1842  1840
 8730  1842  1840
 8720  1842  1840
 8710  1842  1840
 8700  1841  1840
 8690  1841  1840
 8680  1834     0
 8670  1834     0
 8660  1841  1840
 8650  1838  1840
 8640  1838  1840
 8630  1840  1840
 8620  1840  1840
 8610  1840  1840
 8600  1840  1840
 8590  1839  1840
 8580  1839  1840
 8570  1834     0
 8560  1834     0
 8550  1831     0
 8540  1831     0
 8530  1832     0
 8520  1832     0
 8510  1832     0
 8500  1836     0
 8490  1836     0
 8480  1833     0
 8470  1833     0
 8460  1828     0
 8450  1828     0
 8440  1819  1820
 8430  1819  1820
 8420  1827     0
 8410  1827     0
 8400  1827     0
 8390  1827     0
 8380  1826     0
 8370  1826     0
 8360  1824     0
 8350  1824     0
 8340  1825     0
 8330  1825     0
 8320  1823     0
 8310  1823     0
 8300  1823     0
 8290  1823     0
 8280  1822  1820
 8270  1817     0
 8260  1817     0
 8250  1815     0
 8240  1815     0
 8230  1816     0
 8220  1816     0
 8210  1821  1820
 8200  1821  1820
 8190  1821  1820
 8180  1821  1820
 8170  1822  1820
 8160  1822  1820
 8150  1821  1820
 8140  1821  1820
 8130  1817     0
 8120  1817     0
 8110  1820  1820
 8100  1820  1820
 8090  1820  1820
 8080  1822  1820
 8070  1822  1820
 8060  1824     0
 8050  1824     0
 8040  1821  1820
 8030  1821  1820
 8020  1819  1820
 8010  1819  1820
 8000  1819  1820
 7990  1819  1820
 7980  1819  1820
 7970  1819  1820
 7960  1818  1820
 7950  1818  1820
 7940  1817     0
 7930  1817     0
 7920  1817     0
 7910  1816     0
 7900  1816     0
 7890  1816     0
 7880  1816     0
 7870  1816     0
 7860  1816     0
 7850  1814     0
 7840  1814     0
 7830  1807     0
 7820  1807     0
 7810  1805     0
 7800  1805     0
 7790  1810     0
 7780  1810     0
 7770  1810     0
 7760  1810     0
 7750  1810     0
 7740  1810     0
 7730  1805     0
 7720  1805     0
 7710  1802  1800
 7700  1798  1800
 7690  1798  1800
 7680  1798  1800
 7670  1798  1800
 7660  1798  1800
 7650  1798  1800
 7640  1801  1800
 7630  1801  1800
 7620  1795     0
 7610  1795     0
 7600  1790     0
 7590  1790     0
 7580  1790     0
 7570  1790     0
 7560  1790     0
 7550  1790     0
 7540  1790     0
 7530  1790     0
 7520  1788     0
 7510  1788     0
 7500  1785     0
 7490  1781  1780
 7480  1781  1780
 7470  1781  1780
 7460  1781  1780
 7450  1776     0
 7440  1776     0
 7430  1773     0
 7420  1773     0
 7410  1772     0
 7400  1772     0
 7390  1767     0
 7380  1767     0
 7370  1766     0
 7360  1766     0
 7350  1766     0
 7340  1766     0
 7330  1765     0
 7320  1765     0
 7310  1758  1760
 7300  1756     0
 7290  1756     0
 7280  1750     0
 7270  1750     0
 7260  1750     0
 7250  1750     0
 7240  1748     0
 7230  1748     0
 7220  1744     0
 7210  1744     0
 7200  1738  1740
 7190  1738  1740
 7180  1736     0
 7170  1736     0
 7160  1732     0
 7150  1732     0
 7140  1732     0
 7130  1732     0
 7120  1730     0
 7110  1730     0
 7100  1716     0
 7090  1716     0
 7080  1714     0
 7070  1714     0
 7060  1718  1720
 7050  1718  1720
 7040  1718  1720
 7030  1713     0
 7020  1713     0
 7010  1706     0
 7000  1706     0
 6990  1703     0
 6980  1703     0
 6970  1703     0
 6960  1703     0
 6950  1701  1700
 6940  1701  1700
 6930  1701  1700
 6920  1701  1700
 6910  1699  1700
 6900  1699  1700
 6890  1692     0
 6880  1692     0
 6870  1684     0
 6860  1684     0
 6850  1683     0
 6840  1683     0
 6830  1683     0
 6820  1682  1680
 6810  1682  1680
 6800  1674     0
 6790  1674     0
 6780  1665     0
 6770  1665     0
 6760  1660  1660
 6750  1660  1660
 6740  1655     0
 6730  1655     0
 6720  1655     0
 6710  1655     0
 6700  1653     0
 6690  1653     0
 6680  1643     0
 6670  1643     0
 6660  1640  1640
 6650  1640  1640
 6640  1638  1640
 6630  1638  1640
 6620  1638  1640
 6610  1636     0
 6600  1636     0
 6590  1629     0
 6580  1629     0
 6570  1625     0
 6560  1625     0
 6550  1618  1620
 6540  1618  1620
 6530  1614     0
 6520  1614     0
 6510  1614     0
 6500  1614     0
 6490  1612     0
 6480  1612     0
 6470  1605     0
 6460  1605     0
 6450  1601  1600
 6440  1601  1600
 6430  1595     0
 6420  1595     0
 6410  1595     0
 6400  1595     0
 6390  1589     0
 6380  1589     0
 6370  1577     0
 6360  1569     0
 6350  1569     0
 6340  1570     0
 6330  1570     0
 6320  1564     0
 6310  1564     0
 6300  1564     0
 6290  1564     0
 6280  1560  1560
 6270  1560  1560
 6260  1545     0
 6250  1545     0
 6240  1539  1540
 6230  1539  1540
 6220  1535     0
 6210  1535     0
 6200  1535     0
 6190  1530     0
 6180  1530     0
 6170  1520  1520
 6160  1520  1520
 6150  1517     0
 6140  1517     0
 6130  1511     0
 6120  1511     0
 6110  1508     0
 6100  1508     0
 6090  1508     0
 6080  1508     0
 6070  1506     0
 6060  1506     0
 6050  1502  1500
 6040  1502  1500
 6030  1498  1500
 6020  1498  1500
 6010  1490     0
 6000  1490     0
 5990  1490     0
 5980  1487     0
 5970  1487     0
 5960  1478  1480
 5950  1478  1480
 5940  1476     0
 5930  1476     0
 5920  1472     0
 5910  1472     0
 5900  1466     0
 5890  1466     0
 5880  1466     0
 5870  1466     0
 5860  1461  1460
 5850  1461  1460
 5840  1451     0
 5830  1451     0
 5820  1445     0
 5810  1446     0
 5800  1446     0
 5790  1446     0
 5780  1446     0
 5770  1487     0
 5760  1487     0
 5750  1472     0
 5740  1472     0
 5730  1467     0
 5720  1467     0
 5710  1461  1460
 5700  1461  1460
 5690  1457     0
 5680  1457     0
 5670  1457     0
 5660  1457     0
 5650  1447     0
 5640  1447     0
 5630  1431     0
 5620  1431     0
 5610  1426     0
 5600  1426     0
 5590  1420  1420
 5580  1420  1420
 5570  1420  1420
 5560  1414     0
 5550  1414     0
 5540  1402  1400
 5530  1402  1400
 5520  1393     0
 5510  1393     0
 5500  1380  1380
 5490  1380  1380
 5480  1376     0
 5470  1376     0
 5460  1376     0
 5450  1376     0
 5440  1372     0
 5430  1372     0
 5420  1363     0
 5410  1363     0
 5400  1355     0
 5390  1355     0
 5380  1344     0
 5370  1344     0
 5360  1344     0
 5350  1344     0
 5340  1335     0
 5330  1320  1320
 5320  1320  1320
 5310  1314     0
 5300  1314     0
 5290  1309     0
 5280  1309     0
 5270  1300  1300
 5260  1300  1300
 5250  1300  1300
 5240  1300  1300
 5230  1290     0
 5220  1290     0
 5210  1277     0
 5200  1277     0
 5190  1273     0
 5180  1273     0
 5170  1267     0
 5160  1267     0
 5150  1267     0
 5140  1267     0
 5130  1258  1260
 5120  1244     0
 5110  1244     0
 5100  1238  1240
 5090  1238  1240
 5080  1225     0
 5070  1225     0
 5060  1217     0
 5050  1217     0
 5040  1217     0
 5030  1217     0
 5020  1212     0
 5010  1212     0
 5000  1197     0
 4990  1197     0
 4980  1191     0
 4970  1179  1180
 4960  1179  1180
 4950  1179  1180
 4940  1179  1180
 4930  1177     0
 4920  1177     0
 4910  1158  1160
 4900  1158  1160
 4890  1150     0
 4880  1150     0
 4870  1142  1140
 4860  1142  1140
 4850  1134     0
 4840  1134     0
 4830  1134     0
 4820  1134     0
 4810  1124     0
 4800  1124     0
 4790  1103     0
 4780  1103     0
 4770  1094     0
 4760  1087     0
 4750  1087     0
 4740  1087     0
 4730  1087     0
 4720  1079  1080
 4710  1079  1080
 4700  1057     0
 4690  1057     0
 4680  1050     0
 4670  1050     0
 4660  1040  1040
 4650  1040  1040
 4640  1028     0
 4630  1028     0
 4620  1028     0
 4610  1028     0
 4600  1019  1020
 4590  1019  1020
 4580  1008     0
 4570  1008     0
 4560   999  1000
 4550   999  1000
 4540   990     0
 4530   990     0
 4520   990     0
 4510   980   980
 4500   980   980
 4490   962   960
 4480   962   960
 4470   951     0
 4460   951     0
 4450   943     0
 4440   943     0
 4430   943     0
 4420   943     0
 4410   935     0
 4400   935     0
 4390   923     0
 4380   923     0
 4370   906     0
 4360   906     0
 4350   897     0
 4340   897     0
 4330   886     0
 4320   886     0
 4310   886     0
 4300   886     0
 4290   877     0
 4280   861   860
 4270   861   860
 4260   852     0
 4250   852     0
 4240   841   840
 4230   841   840
 4220   841   840
 4210   841   840
 4200   829     0
 4190   829     0
 4180   821   820
 4170   821   820
 4160   796     0
 4150   796     0
 4140   787     0
 4130   787     0
 4120   779   780
 4110   779   780
 4100   779   780
 4090   779   780
 4080   765     0
 4070   765     0
 4060   745     0
 4050   745     0
 4040   733     0
 4030   724     0
 4020   724     0
 4010   724     0
 4000   724     0
 3990   714     0
 3980   714     0
 3970   709     0
 3960   709     0
 3950   689     0
 3940   689     0
 3930   679   680
 3920   679   680
 3910   666     0
 3900   666     0
 3890   666     0
 3880   666     0
 3870   656     0
 3860   656     0
 3850   635     0
 3840   635     0
 3830   625     0
 3820   614     0
 3810   614     0
 3800   614     0
 3790   614     0
 3780   600   600
 3770   600   600
 3760   591     0
 3750   591     0
 3740   567     0
 3730   559   560
 3720   559   560
 3710   550     0
 3700   550     0
 3690   550     0
 3680   550     0
 3670   534     0
 3660   534     0
 3650   515     0
 3640   515     0
 3630   504     0
 3620   504     0
 3610   493     0
 3600   493     0
 3590   493     0
 3580   493     0
 3570   485     0
 3560   485     0
 3550   471     0
 3540   471     0
 3530   452     0
 3520   452     0
 3510   439   440
 3500   427     0
 3490   427     0
 3480   427     0
 3470   427     0
 3460   420   420
 3450   420   420
 3440   398   400
 3430   398   400
 3420   390     0
 3410   390     0
 3400   380   380
 3390   380   380
 3380   380   380
 3370   380   380
 3360   372     0
 3350   372     0
 3340   359   360
 3330   359   360
 3320   343     0
 3310   343     0
 3300   332     0
 3290   332     0
 3280   322   320
 3270   322   320
 3260   322   320
 3250   313     0
 3240   313     0
 3230   294     0
 3220   294     0
 3210   284     0
 3200   284     0
 3190   274     0
 3180   274     0
 3170   274     0
 3160   274     0
 3150   265     0
 3140   265     0
 3130   259   260
 3120   259   260
 3110   239   240
 3100   239   240
 3090   232     0
 3080   225     0
 3070   225     0
 3060   225     0
 3050   225     0
 3040   214     0
 3030   214     0
 3020   198   200
 3010   198   200
 3000   190     0
 2990   190     0
 2980   182   180
 2970   182   180
 2960   182   180
 2950   182   180
 2940   175     0
 2930   175     0
 2920   165     0
 2910   165     0
 2900   152     0
 2890   152     0
 2880   144     0
 2870   144     0
 2860   136     0
 2850   136     0
 2840   136     0
 2830   130     0
 2820   130     0
 2810   116     0
 2800   116     0
 2790   109     0
 2780   109     0
 2770   103     0
 2760   103     0
 2750   103     0
 2740   103     0
 2730    97     0
 2720    97     0
 2710    91     0
 2700    91     0
 2690    81    80
 2680    81    80
 2670    75     0
 2660    75     0
 2650    72     0
 2640    72     0
 2630    72     0
 2620    68     0
 2610    68     0
 2600    58    60
 2590    58    60
 2580    55     0
 2570    55     0
 2560    50     0
 2550    50     0
 2540    50     0
 2530    50     0
 2520    47     0
 2510    47     0
 2500    44     0
 2490    39    40
 2480    39    40
 2470    34     0
 2460    34     0
 2450    30     0
 2440    30     0
 2430    30     0
 2420    30     0
 2410    27     0
 2400    27     0
 2390    23     0
 2380    23     0
 2370    20    20
 2360    20    20
 2350    19    20
 2340    19    20
 2330    19    20
 2320    16     0
 2310    16     0
 2300    14     0
 2290    14     0
 2280    11     0
 2270    11     0
 2260    10     0
 2250    10     0
 2240     8     0
 2230     8     0
 2220     8     0
 2210     8     0
 2200     8     0
 2190     8     0
 2180     6     0
 2170     6     0
 2160     5     0
 2150     5     0
 2140     5     0
 2130     5     0
 2120     5     0
 2110     5     0
 2100     4     0
 2090     4     0
 2080     4     0
 2070     3     0
 2060     3     0
 2050     3     0
 2040     3     0
 2030     3     0
 2020     3     0
 2010     3     0
 2000     3     0
 1990     3     0
 1980     3     0
 1970     2     0
 1960     2     0
 1950     2     0
 1940     2     0
 1930     2     0
 1920     2     0
 1910     2     0
 1900     2     0
 1890     2     0
 1880     1     0
 1870     1     0
 1860     2     0
 1850     2     0
 1840     2     0
 1830     2     0
 1820     1     0
 1810     1     0
 1800     1     0
 1790     1     0
 1780     3     0
 1770     3     0
 1760     3     0
 1750     3     0
 1740     2     0
 1730     2     0
 1720     2     0
 1710     2     0
 1700     2     0
 1690     2     0
 1680     2     0
 1670     2     0
 1660     2     0
 1650     2     0
 1640     2     0
 1630     2     0
 1620     2     0
 1610     3     0
 1600     3     0
 1590     3     0
 1580     3     0
 1570     2     0
 1560     2     0
 1550     2     0
 1540     2     0
 1530     2     0
 1520     2     0
 1510     3     0
 1500     3     0
 1490     3     0
 1480     3     0
 1470     2     0
 1460     2     0
 1450     3     0
 1440     3     0
 1430     3     0
 1420     2     0
 1410     2     0
 1400     2     0
 1390     2     0
 1380     2     0
 1370     3     0
 1360     3     0
 1350     5     0
 1340     5     0
 1330     3     0
 1320     3     0
 1310     1     0
 1300     1     0
 1290     1     0
 1280     1     0
 1270     1     0
 1260     1     0
 1250     2     0
 1240     2     0
 1230     1     0
 1220     1     0
 1210     1     0
 1200     1     0
 1190     2     0
 1180     2     0
 1170     2     0
 1160     2     0
 1150     2     0
 1140     2     0
 1130     2     0
 1120     2     0
 1110     2     0
 1100     2     0
 1090     2     0
 1080     2     0
 1070     2     0
 1060     2     0
 1050     2     0
 1040     2     0
 1030     2     0
 1020     2     0
 1010     2     0
 1000     2     0
  990     2     0
  980     1     0
  970     1     0
  960     1     0
  950     1     0
  940     2     0
  930     2     0
  920     2     0
  910     2     0
  900     2     0
  890     2     0
  880     2     0
  870     2     0
  860     2     0
  850     2     0
  840     2     0
  830     2     0
  820     2     0
  810     1     0
  800     1     0
  790     1     0
  780     1     0
  770     2     0
  760     2     0
  750     2     0
  740     2     0
  730     2     0
  720     2     0
  710     1     0
  700     2     0
  690     2     0
  680     2     0
  670     2     0
  660     2     0
  650     2     0
  640     2     0
  630     2     0
  620     2     0
  610     2     0
  600     3     0
  590     3     0
  580     2     0
  570     2     0
  560     3     0
  550     3     0
  540     3     0
  530     3     0
  520     2     0
  510     2     0
  500     2     0
  490     2     0
  480     2     0
  470     3     0
  460     3     0
  450     3     0
  440     3     0
  430     2     0
  420     2     0
  410     2     0
  400     2     0
  390     2     0
  380     2     0
  370     1     0
  360     1     0
  350     3     0
  340     3     0
  330     3     0
  320     3     0
  310     2     0
  300     2     0
  290     2     0
  280     2     0
  270     2     0
  260     2     0
  250     2     0
  240     2     0
  230     2     0
  220     3     0
  210     3     0
  200     4     0
  190     4     0
  180     2     0
  170     2     0
  160     3     0
  150     3     0
  140     3     0
  130     3     0
  120     3     0
  110     2     0
  100     2     0
   90     2     0
   80     2     0
   70     2     0
   60     2     0
   50     2     0
   40     2     0
   30     2     0
   20     2     0
   10     2     0
calculating offset end...
offset end  148 148 148 147 148 148 148 148 147 148 average 147
